1, 623.337660528463
1, 596.0210754390309
1, 567.6261021913266
1, 567.6261021913266
1, 557.7077761424854
5-1, 1290.4590111111538
1, 538.5433212377902
1, 520.498561759742
5-2-1, 3035.9085658937747
1, 509.9475907423378
1, 509.66359071378855
5-3-2-1, 5576.862815684366
1, 498.9321502969705
5-5-1, 2847.4630004427936
1, 490.89428981810215
5-1, 1290.4590111111538
1, 483.795803664396
8-4-1, 2883.058454761228
1, 482.24076757811997
1, 481.8028236062033
5-2-1, 3035.9085658937747
1, 480.9032608968973
1, 480.27291815212527
5-1, 1290.4590111111538
1, 477.47051743871884
1, 477.47051743871884
1, 477.47051743871884
5-3-2-1, 5576.862815684366
1, 477.47051743871884
5-5-1, 2847.4630004427936
1, 476.88720323437053
5-2-1, 3035.9085658937747
1, 476.251328965644
5-1, 1290.4590111111538
1, 476.2173382981671
1, 475.82115826312463
8-4-1, 2883.058454761228
1, 475.7230498778119
1, 474.97100128130575
1, 474.97100128130575
5-1, 1288.0918182430353
1, 474.8969771660488
1, 474.83708830803664
5-2-1, 2864.1879136049492
5-3-2-1, 5576.862815684366
1, 474.31376166014144
5-5-1, 2847.4630004427936
1, 474.31376166014144
1, 474.08679761485223
1, 473.71469386145617
5-1, 1275.1977584173876
1, 473.5374242822246
1, 473.5374242822246
1, 473.30238330498656
8-4-1, 2883.058454761228
5-2-1, 2864.1879136049492
1, 473.216625207436
1, 473.17798391199074
5-1, 1248.5660183579205
1, 472.90149828417043
5-3-2-1, 5576.862815684366
1, 472.86017599354966
5-5-1, 2847.4630004427936
1, 472.86017599354966
1, 472.67516846518436
1, 472.5769139569683
1, 472.5769139569683
5-2-1, 2469.9311420486247
5-1, 1189.6885013848187
1, 472.56268734267985
1, 472.56268734267985
1, 472.56268734267985
1, 472.54064330767665
8-4-1, 2883.058454761228
1, 472.4314485793227
5-3-2-1, 5576.862815684366
1, 472.36772909697777
5-1, 1112.0731293769254
5-5-1, 2847.4630004427936
1, 472.3011917236202
5-2-1, 2469.9311420486247
1, 472.260043039344
1, 472.260043039344
1, 472.1714961058329
1, 472.1714961058329
5-1, 1112.0731293769254
1, 472.1594326741776
1, 472.0155540130572
1, 472.0155540130572
5-2-1, 2469.9311420486247
1, 472.0155540130572
5-3-2-1, 5534.478144654994
1, 471.9968884901573
8-4-1, 2883.058454761228
5-5-1, 2788.17988090505
1, 471.960842771784
5-1, 976.1085953345639
1, 471.90396297106287
1, 471.90396297106287
1, 471.88962346409244
1, 471.82103220611987
5-2-1, 2258.988345092531
1, 471.82103220611987
5-1, 976.1085953345639
1, 471.82103220611987
1, 471.80001913304176
1, 471.7637926497292
5-3-2-1, 4577.120887086966
1, 471.7123911367849
5-5-1, 2788.17988090505
1, 471.7123911367849
1, 471.66439996184704
8-4-1, 2775.7996652671814
5-1, 976.1085953345639
1, 471.66439996184704
5-2-1, 2258.988345092531
1, 471.66439996184704
1, 471.62853245517135
1, 471.62853245517135
1, 471.62853245517135
5-1, 931.5084642172109
1, 471.62853245517135
1, 471.62853245517135
5-3-2-1, 4577.120887086966
1, 471.62853245517135
5-5-1, 2701.8003250815896
5-2-1, 2082.815161523659
1, 471.62853245517135
1, 471.626828202279
1, 471.6262681024754
5-1, 911.5827902225916
1, 471.6200641278504
8-4-1, 2758.027385560956
1, 471.61499721034977
1, 471.6073714556916
1, 471.59540905578365
5-2-1, 1911.9886153889474
1, 471.5709316900869
1, 471.53031977884916
5-1, 836.7085922355177
5-3-2-1, 4577.120887086966
1, 471.53031977884916
5-5-1, 2701.8003250815896
1, 471.53031977884916
1, 471.5302131535835
1, 471.53016971235434
1, 471.53015900814165
5-1, 836.7085922355177
1, 471.53015900799596
5-2-1, 1792.5196663044205
8-4-1, 2758.027385560956
1, 471.53015900799574
1, 471.53015900799574
1, 471.53015900799574
1, 471.53015900799574
5-3-2-1, 4577.120887086966
1, 471.53015900799574
5-1, 818.5910485221196
5-5-1, 2604.534982278663
1, 471.53015900799574
1, 471.53015900799574
5-2-1, 1792.5196663044205
1, 471.53015900799574
1, 471.53015900799574
1, 471.53015900799574
1, 471.53015900799574
5-1, 780.0029528763188
1, 471.53015900799574
8-4-1, 2545.654085575838
1, 471.53015900799574
1, 471.53015900799574
5-3-2-1, 4235.77274090722
1, 471.53015900799574
5-2-1, 1769.042186514691
5-5-1, 2547.6168723317437
1, 471.53015900799574
5-1, 749.8187709623012
1, 471.53015900799574
1, 471.53015900799574
1, 471.53015900799574
1, 471.53015900799574
1, 471.53015900799574
1, 471.53015900799574
5-1, 698.2899666683908
5-2-1, 1561.0157501709439
1, 471.53015900799574
1, 471.53015900799574
5-3-2-1, 4235.77274090722
8-4-1, 2545.654085575838
1, 471.53015900799574
5-5-1, 2367.530466303007
1, 471.53015900799574
1, 471.53015900799574
5-1, 693.0011230055754
1, 471.53015900799574
1, 471.53015900799574
5-2-1, 1561.0157501709439
1, 471.53015900799574
1, 471.53015900799574
1, 471.53015900799574
1, 471.53015900799574
5-1, 633.2175433637054
1, 471.53015900799574
5-3-2-1, 3940.491256355787
1, 471.53015900799574
5-5-1, 2271.9561658572397
1, 471.53015900799574
8-4-1, 2332.7907537138126
1, 471.53015900799574
5-2-1, 1561.0157501709439
1, 471.53015900799574
5-1, 628.549115307966
1, 471.53015900799574
1, 471.53015900799574
1, 471.53015900799574
1, 471.53015900799574
1, 471.53015900799574
1, 471.53015900799574
5-2-1, 1561.0157501709439
5-1, 617.8988237990251
5-3-2-1, 3865.528870817759
1, 471.53015900799574
5-5-1, 2259.345056671691
1, 471.53015900799574
1, 471.53015900799574
1, 471.53015900799574
8-4-1, 2332.7907537138126
1, 471.53015900799574
1, 471.53015900799574
5-1, 534.7122051081376
1, 471.53015900799574
5-2-1, 1296.7009743626109
1, 471.53015900799574
1, 471.53015900799574
1, 471.53015900799574
5-3-2-1, 3374.9050108952815
1, 471.53015900799574
5-1, 534.7122051081376
5-5-1, 2108.5834117951313
1, 471.53015900799574
1, 471.53015900799574
1, 471.53015900799574
1, 471.53015900799574
5-2-1, 1296.7009743626109
1, 471.53015900799574
8-4-1, 2301.704476998125
1, 471.53015900799574
5-1, 530.3621463044788
1, 471.53015900799574
1, 471.53015900799574
1, 471.53015900799574
5-3-2-1, 3374.9050108952815
1, 471.53015900799574
1, 471.53015900799574
5-5-1, 2079.186534046438
5-2-1, 1230.4503645462205
5-1, 526.0235301975844
1, 471.53015900799574
1, 471.53015900799574
1, 471.53015900799574
1, 471.53015900799574
1, 471.53015900799574
1, 471.53015900799574
5-1, 479.25688945402413
8-4-1, 2210.631739507187
1, 471.53015900799574
5-2-1, 1213.6038099343968
1, 471.53015900799574
5-3-2-1, 3353.227527284423
1, 471.53015900799574
1, 471.53015900799574
5-5-1, 1983.8898497325629
1, 471.53015900799574
1, 471.53015900799574
5-1, 472.62589514553974
1, 471.53015900799574
1, 471.53015900799574
1, 471.53015900799574
5-2-1, 1206.527251561313
1, 471.53015900799574
1, 471.53015900799574
5-1, 447.87078051100826
1, 471.53015900799574
5-3-2-1, 3353.227527284423
8-4-1, 2058.137733587314
1, 471.53015900799574
1, 471.53015900799574
5-5-1, 1976.333136470504
1, 471.53015900799574
1, 471.53015900799574
5-2-1, 1197.4305621181816
1, 471.53015900799574
5-1, 429.335818506433
1, 471.53015900799574
1, 471.53015900799574
1, 471.53015900799574
1, 471.53015900799574
1, 471.53015900799574
5-3-2-1, 3188.3074438495055
5-1, 401.12373256273827
1, 471.53015900799574
5-2-1, 943.8454508830137
1, 471.53015900799574
5-5-1, 1976.333136470504
8-4-1, 2037.6384402732967
1, 471.53015900799574
1, 471.53015900799574
1, 471.53015900799574
1, 471.53015900799574
5-1, 398.2017928583626
1, 471.53015900799574
1, 471.53015900799574
1, 471.53015900799574
5-2-1, 943.8454508830137
1, 471.53015900799574
5-3-2-1, 2923.0212732829887
1, 471.53015900799574
1, 471.53015900799574
5-1, 382.8161794065652
5-5-1, 1881.7568155587871
1, 471.53015900799574
1, 471.53015900799574
8-4-1, 1941.321980478052
1, 471.53015900799574
1, 471.53015900799574
5-2-1, 943.8454508830137
1, 471.53015900799574
5-1, 379.12587688355467
1, 471.53015900799574
1, 471.53015900799574
1, 471.53015900799574
5-3-2-1, 2548.5985782126936
1, 471.53015900799574
1, 471.53015900799574
5-5-1, 1832.6632885544257
1, 471.53015900799574
5-1, 357.12123544922116
5-2-1, 924.8075965711715
1, 471.53015900799574
1, 471.53015900799574
1, 471.53015900799574
8-4-1, 1941.321980478052
1, 471.53015900799574
1, 471.53015900799574
5-1, 350.18036931573795
1, 471.53015900799574
1, 471.53015900799574
5-3-2-1, 2548.5985782126936
1, 471.53015900799574
5-2-1, 924.8075965711715
1, 471.53015900799574
5-5-1, 1715.971562701515
1, 471.53015900799574
1, 471.53015900799574
5-1, 311.74054940878364
1, 471.53015900799574
1, 471.53015900799574
1, 471.53015900799574
1, 471.53015900799574
5-2-1, 855.3210328020375
8-4-1, 1720.0881166720328
1, 471.53015900799574
1, 471.53015900799574
5-1, 311.74054940878364
5-3-2-1, 2548.5985782126936
1, 471.53015900799574
1, 471.53015900799574
5-5-1, 1621.7108493137785
1, 471.53015900799574
1, 471.53015900799574
1, 471.53015900799574
5-1, 309.35940943880826
1, 471.53015900799574
5-2-1, 855.3210328020375
1, 471.53015900799574
1, 471.53015900799574
1, 471.53015900799574
1, 471.53015900799574
5-3-2-1, 2548.5985782126936
8-4-1, 1720.0881166720328
1, 471.53015900799574
5-1, 297.49827062826824
1, 471.53015900799574
5-5-1, 1578.6537665672672
1, 471.53015900799574
5-2-1, 840.6654247073711
1, 471.53015900799574
1, 471.53015900799574
1, 471.53015900799574
5-1, 279.8004239811593
1, 471.53015900799574
1, 471.53015900799574
1, 471.53015900799574
1, 471.53015900799574
5-3-2-1, 2539.5186656400624
5-2-1, 840.6654247073711
1, 471.53015900799574
1, 471.53015900799574
5-1, 273.77142076756854
5-5-1, 1540.5190339060762
8-4-1, 1649.3012135940655
1, 471.53015900799574
1, 471.53015900799574
1, 471.53015900799574
1, 471.53015900799574
1, 471.53015900799574
1, 471.53015900799574
5-1, 269.8939333930813
5-2-1, 707.0846120756246
1, 471.53015900799574
1, 471.53015900799574
5-3-2-1, 1913.9285822666327
1, 471.53015900799574
1, 471.53015900799574
5-5-1, 1479.298523403516
1, 471.53015900799574
5-1, 262.20627735529166
1, 471.53015900799574
8-4-1, 1524.1821137336567
1, 471.53015900799574
5-2-1, 707.0846120756246
1, 471.53015900799574
1, 471.53015900799574
1, 471.53015900799574
1, 471.53015900799574
5-1, 259.4534542406371
1, 471.53015900799574
5-3-2-1, 1913.9285822666327
1, 471.53015900799574
1, 471.53015900799574
5-5-1, 1395.0093038025702
5-2-1, 707.0846120756246
1, 471.53015900799574
1, 471.53015900799574
5-1, 257.12000174089354
1, 471.53015900799574
1, 471.53015900799574
8-4-1, 1524.1821137336567
1, 471.53015900799574
1, 471.53015900799574
1, 471.53015900799574
1, 471.53015900799574
5-2-1, 707.0846120756246
5-3-2-1, 1913.9285822666327
5-1, 254.54034619701835
1, 471.53015900799574
1, 471.53015900799574
5-5-1, 1364.467264113807
1, 471.53015900799574
1, 471.53015900799574
1, 471.53015900799574
1, 471.53015900799574
5-1, 253.56290895220835
1, 471.53015900799574
5-2-1, 637.2909958238004
1, 471.53015900799574
8-4-1, 1470.414915118078
1, 471.53015900799574
1, 471.53015900799574
5-3-2-1, 1861.5319163396366
1, 471.53015900799574
5-1, 252.66868751097627
1, 471.53015900799574
5-5-1, 1293.7458222443447
1, 471.53015900799574
1, 471.53015900799574
5-2-1, 564.4740255878554
1, 471.53015900799574
1, 471.53015900799574
1, 471.53015900799574
5-1, 252.66868751097627
1, 471.53015900799574
1, 471.53015900799574
1, 471.53015900799574
5-3-2-1, 1779.0433142959441
8-4-1, 1367.6408265741316
1, 471.53015900799574
1, 471.53015900799574
5-2-1, 564.4740255878554
5-1, 252.27450180277577
5-5-1, 1237.4840129762672
1, 471.53015900799574
1, 471.53015900799574
1, 471.53015900799574
1, 471.53015900799574
1, 471.53015900799574
1, 471.53015900799574
5-1, 252.27450180277577
1, 471.53015900799574
5-2-1, 564.4740255878554
1, 471.53015900799574
5-3-2-1, 1779.0433142959441
1, 471.53015900799574
1, 471.53015900799574
8-4-1, 1299.1227944006935
1, 471.53015900799574
5-5-1, 1202.89719129938
1, 471.53015900799574
5-1, 252.04161121995105
1, 471.53015900799574
1, 471.53015900799574
5-2-1, 549.3010545419489
1, 471.53015900799574
1, 471.53015900799574
1, 471.53015900799574
5-1, 252.04161121995105
1, 471.53015900799574
5-3-2-1, 1717.5101876884573
1, 471.53015900799574
1, 471.53015900799574
1, 471.53015900799574
5-5-1, 1181.734374304158
1, 471.53015900799574
5-2-1, 549.3010545419489
8-4-1, 1299.1227944006935
1, 471.53015900799574
5-1, 251.55373421404605
1, 471.53015900799574
1, 471.53015900799574
1, 471.53015900799574
1, 471.53015900799574
1, 471.53015900799574
5-3-2-1, 1717.5101876884573
5-1, 251.37123492806194
1, 471.53015900799574
5-2-1, 520.2216650286394
1, 471.53015900799574
1, 471.53015900799574
5-5-1, 1106.2364565701407
1, 471.53015900799574
1, 471.53015900799574
1, 471.53015900799574
5-1, 251.37123492806194
8-4-1, 1283.2551821720267
1, 471.53015900799574
1, 471.53015900799574
1, 471.53015900799574
5-2-1, 438.49164790268065
1, 471.53015900799574
5-3-2-1, 1595.7417672026181
1, 471.53015900799574
1, 471.53015900799574
5-1, 251.22998192846921
1, 471.53015900799574
5-5-1, 1070.716350900848
1, 471.53015900799574
1, 471.53015900799574
1, 471.53015900799574
5-2-1, 438.49164790268065
1, 471.53015900799574
5-1, 251.22998192846921
1, 471.53015900799574
8-4-1, 1186.1770881735133
1, 471.53015900799574
1, 471.53015900799574
5-3-2-1, 1595.7417672026181
1, 471.53015900799574
1, 471.53015900799574
1, 471.53015900799574
5-5-1, 1064.9081348412346
5-1, 251.02666225696152
5-2-1, 423.3485015657523
1, 471.53015900799574
1, 471.53015900799574
1, 471.53015900799574
1, 471.53015900799574
1, 471.53015900799574
5-1, 251.02666225696152
1, 471.53015900799574
1, 471.53015900799574
5-3-2-1, 1570.6487348461721
8-4-1, 1091.442791146878
1, 471.53015900799574
5-2-1, 411.3046166892653
1, 471.53015900799574
1, 471.53015900799574
5-5-1, 1053.481436185853
1, 471.53015900799574
5-1, 251.02666225696152
1, 471.53015900799574
1, 471.53015900799574
1, 471.53015900799574
1, 471.53015900799574
5-2-1, 397.98829588592145
1, 471.53015900799574
1, 471.53015900799574
5-3-2-1, 1484.2979683137087
5-1, 250.95103579481372
1, 471.53015900799574
1, 471.53015900799574
8-4-1, 1068.6795314400922
1, 471.53015900799574
5-5-1, 1052.0942555691354
1, 471.53015900799574
1, 471.53015900799574
5-1, 250.94235347538503
5-2-1, 397.98829588592145
1, 471.53015900799574
1, 471.53015900799574
1, 471.53015900799574
1, 471.53015900799574
1, 471.53015900799574
5-3-2-1, 1484.2979683137087
1, 471.53015900799574
5-1, 250.7655737696159
1, 471.53015900799574
1, 471.53015900799574
5-2-1, 397.98829588592145
5-5-1, 1052.0942555691354
1, 471.53015900799574
8-4-1, 1008.7962561625428
1, 471.53015900799574
1, 471.53015900799574
1, 471.53015900799574
5-1, 250.75001224095752
1, 471.53015900799574
1, 471.53015900799574
1, 471.53015900799574
5-3-2-1, 1435.1760981436225
5-2-1, 386.97293355241516
1, 471.53015900799574
1, 471.53015900799574
5-1, 250.75001224095752
1, 471.53015900799574
5-5-1, 1049.9078113710273
1, 471.53015900799574
1, 471.53015900799574
1, 471.53015900799574
8-4-1, 1008.7962561625428
1, 471.53015900799574
5-2-1, 367.9380410766189
1, 471.53015900799574
5-1, 250.72265276384806
1, 471.53015900799574
1, 471.53015900799574
5-3-2-1, 1169.5652922836264
1, 471.53015900799574
1, 471.53015900799574
1, 471.53015900799574
5-5-1, 1044.415794123818
5-1, 250.61066783727884
1, 471.53015900799574
1, 471.53015900799574
5-2-1, 364.10554285513837
1, 471.53015900799574
1, 471.53015900799574
1, 471.53015900799574
8-4-1, 1008.7962561625428
1, 471.53015900799574
5-1, 250.61066783727884
1, 471.53015900799574
5-3-2-1, 1169.5652922836264
1, 471.53015900799574
1, 471.53015900799574
5-2-1, 363.84616384033836
1, 471.53015900799574
5-5-1, 1043.4655588147377
1, 471.53015900799574
1, 471.53015900799574
5-1, 250.51482553834143
1, 471.53015900799574
1, 471.53015900799574
1, 471.53015900799574
1, 471.53015900799574
5-2-1, 363.84616384033836
1, 471.53015900799574
5-3-2-1, 1120.246575598116
5-1, 250.44272208174988
8-4-1, 927.5718653898191
1, 471.53015900799574
1, 471.53015900799574
1, 471.53015900799574
5-5-1, 1041.098341212993
1, 471.53015900799574
1, 471.53015900799574
1, 471.53015900799574
5-1, 250.4401465580472
1, 471.53015900799574
5-2-1, 362.56603230440794
1, 471.53015900799574
1, 471.53015900799574
1, 471.53015900799574
5-3-2-1, 1120.246575598116
1, 471.53015900799574
5-1, 250.4401465580472
1, 471.53015900799574
8-4-1, 927.5718653898191
1, 471.53015900799574
5-5-1, 1040.7051366241649
1, 471.53015900799574
5-2-1, 362.56603230440794
1, 471.53015900799574
1, 471.53015900799574
1, 471.53015900799574
5-1, 250.40558548273412
1, 471.53015900799574
1, 471.53015900799574
1, 471.53015900799574
5-3-2-1, 1120.246575598116
1, 471.53015900799574
1, 471.53015900799574
5-2-1, 362.56603230440794
1, 471.53015900799574
5-1, 250.34430841921483
5-5-1, 1038.898924926437
1, 471.53015900799574
8-4-1, 832.9197069147224
1, 471.53015900799574
1, 471.53015900799574
1, 471.53015900799574
1, 471.53015900799574
5-1, 250.34387728121135
1, 471.53015900799574
5-2-1, 361.62384279727127
1, 471.53015900799574
5-3-2-1, 1120.246575598116
1, 471.53015900799574
1, 471.53015900799574
1, 471.53015900799574
5-5-1, 1038.8279930740007
1, 471.53015900799574
5-1, 250.2312106862354
1, 471.53015900799574
1, 471.53015900799574
8-4-1, 832.9197069147224
5-2-1, 361.62384279727127
1, 471.53015900799574
1, 471.53015900799574
1, 471.53015900799574
5-1, 250.11915803029152
1, 471.53015900799574
5-3-2-1, 964.3509339714072
1, 471.53015900799574
1, 471.53015900799574
1, 471.53015900799574
1, 471.53015900799574
5-5-1, 1038.4637355648879
5-2-1, 361.62384279727127
1, 471.53015900799574
5-1, 250.11915803029152
1, 471.53015900799574
1, 471.53015900799574
1, 471.53015900799574
8-4-1, 813.2362407539662
1, 471.53015900799574
1, 471.53015900799574
5-3-2-1, 937.1761476771472
1, 471.53015900799574
5-1, 250.11915803029152
5-2-1, 361.62384279727127
1, 471.53015900799574
1, 471.53015900799574
1, 471.53015900799574
5-5-1, 1037.867983363394
1, 471.53015900799574
1, 471.53015900799574
5-1, 250.10582181595424
1, 471.53015900799574
1, 471.53015900799574
5-2-1, 361.62384279727127
1, 471.53015900799574
1, 471.53015900799574
5-3-2-1, 937.1761476771472
8-4-1, 771.7928475342951
1, 471.53015900799574
1, 471.53015900799574
5-1, 250.09091071812097
1, 471.53015900799574
1, 471.53015900799574
5-5-1, 1037.4983587546203
1, 471.53015900799574
1, 471.53015900799574
5-2-1, 361.6167894722315
1, 471.53015900799574
5-1, 250.0743654904223
1, 471.53015900799574
1, 471.53015900799574
5-3-2-1, 936.3445080123141
1, 471.53015900799574
1, 471.53015900799574
1, 471.53015900799574
8-4-1, 753.9537357201567
1, 471.53015900799574
5-1, 250.0743654904223
5-2-1, 360.97395593021656
1, 471.53015900799574
5-5-1, 1037.281190832734
1, 471.53015900799574
1, 471.53015900799574
1, 471.53015900799574
1, 471.53015900799574
1, 471.53015900799574
5-1, 250.0388553742563
5-3-2-1, 915.0885199525654
1, 471.53015900799574
5-2-1, 360.97395593021656
1, 471.53015900799574
1, 471.53015900799574
1, 471.53015900799574
1, 471.53015900799574
5-5-1, 1036.5543673834122
8-4-1, 718.9284443797052
5-1, 249.98498325913914
1, 471.53015900799574
1, 471.53015900799574
1, 471.53015900799574
1, 471.53015900799574
5-2-1, 360.96101357917627
1, 471.53015900799574
5-3-2-1, 753.1513933467156
1, 471.53015900799574
5-1, 249.94757258676736
1, 471.53015900799574
1, 471.53015900799574
1, 471.53015900799574
1, 471.53015900799574
5-5-1, 1035.6542029297764
1, 471.53015900799574
5-2-1, 360.932420722353
5-1, 249.93874777806937
1, 471.53015900799574
8-4-1, 712.3580571900272
1, 471.53015900799574
1, 471.53015900799574
1, 471.53015900799574
5-3-2-1, 753.1513933467156
1, 471.53015900799574
1, 471.53015900799574
5-1, 249.91413429349575
1, 471.53015900799574
5-2-1, 360.92694116141894
1, 471.53015900799574
1, 471.53015900799574
5-5-1, 1034.9738304156097
1, 471.53015900799574
1, 471.53015900799574
1, 471.53015900799574
5-1, 249.91413429349575
1, 471.53015900799574
8-4-1, 661.9678639609448
1, 471.53015900799574
5-3-2-1, 753.1513933467156
1, 471.53015900799574
5-2-1, 360.894320310586
1, 471.53015900799574
1, 471.53015900799574
5-1, 249.88733223660788
1, 471.53015900799574
1, 471.53015900799574
5-5-1, 1034.6535317779935
1, 471.53015900799574
1, 471.53015900799574
1, 471.53015900799574
5-2-1, 360.6025182871778
1, 471.53015900799574
5-1, 249.8527234383316
1, 471.53015900799574
5-3-2-1, 728.2399104893112
1, 471.53015900799574
8-4-1, 596.0875482056845
1, 471.53015900799574
1, 471.53015900799574
1, 471.53015900799574
5-1, 249.81045636027162
1, 471.53015900799574
5-5-1, 1034.1103888478347
5-2-1, 360.4044263914559
1, 471.53015900799574
1, 471.53015900799574
1, 471.53015900799574
1, 471.53015900799574
1, 471.53015900799574
5-1, 249.81045636027162
5-3-2-1, 666.7792857961756
1, 471.53015900799574
1, 471.53015900799574
1, 471.53015900799574
5-2-1, 360.4044263914559
8-4-1, 596.0875482056845
1, 471.53015900799574
1, 471.53015900799574
5-5-1, 1034.1103888478347
5-1, 249.810198591105
1, 471.53015900799574
1, 471.53015900799574
1, 471.53015900799574
1, 471.53015900799574
1, 471.53015900799574
5-2-1, 360.4044263914559
5-3-2-1, 652.8145200375975
1, 471.53015900799574
5-1, 249.76696234086765
1, 471.53015900799574
1, 471.53015900799574
1, 471.53015900799574
1, 471.53015900799574
8-4-1, 481.1278291133311
5-5-1, 1034.1103888478347
1, 471.53015900799574
1, 471.53015900799574
5-1, 249.7566052641098
5-2-1, 360.3729629282362
1, 471.53015900799574
1, 471.53015900799574
1, 471.53015900799574
5-3-2-1, 652.8145200375975
1, 471.53015900799574
1, 471.53015900799574
5-1, 249.7240228374818
1, 471.53015900799574
1, 471.53015900799574
1, 471.53015900799574
5-2-1, 360.2555195136626
5-5-1, 1033.3887705920993
1, 471.53015900799574
1, 471.53015900799574
8-4-1, 481.1278291133311
1, 471.53015900799574
5-1, 249.7240228374818
1, 471.53015900799574
1, 471.53015900799574
5-3-2-1, 643.561534959813
1, 471.53015900799574
1, 471.53015900799574
5-2-1, 360.2555195136626
1, 471.53015900799574
5-1, 249.7138591370891
1, 471.53015900799574
1, 471.53015900799574
5-5-1, 1032.9978624010794
1, 471.53015900799574
1, 471.53015900799574
1, 471.53015900799574
1, 471.53015900799574
5-1, 249.70158806931707
8-4-1, 481.1278291133311
5-2-1, 360.2555195136626
1, 471.53015900799574
5-3-2-1, 641.3766604665826
1, 471.53015900799574
1, 471.53015900799574
1, 471.53015900799574
1, 471.53015900799574
5-1, 249.68425889785638
1, 471.53015900799574
5-5-1, 1032.5319112895586
1, 471.53015900799574
1, 471.53015900799574
5-2-1, 360.2555195136626
1, 471.53015900799574
1, 471.53015900799574
1, 471.53015900799574
5-3-2-1, 604.8705091706726
5-1, 249.68393505680106
1, 471.53015900799574
8-4-1, 481.1278291133311
1, 471.53015900799574
1, 471.53015900799574
1, 471.53015900799574
5-2-1, 360.2555195136626
1, 471.53015900799574
5-5-1, 1032.5319112895586
5-1, 249.66800782698462
1, 471.53015900799574
1, 471.53015900799574
1, 471.53015900799574
1, 471.53015900799574
1, 471.53015900799574
5-3-2-1, 495.3360662816177
1, 471.53015900799574
5-1, 249.62796900745266
5-2-1, 360.2555195136626
1, 471.53015900799574
1, 471.53015900799574
8-4-1, 481.1278291133311
1, 471.53015900799574
1, 471.53015900799574
1, 471.53015900799574
5-5-1, 1032.072486541544
5-1, 249.62796900745266
1, 471.53015900799574
1, 471.53015900799574
5-2-1, 360.20096148744483
1, 471.53015900799574
1, 471.53015900799574
5-3-2-1, 495.3360662816177
1, 471.53015900799574
1, 471.53015900799574
5-1, 249.62187510958887
1, 471.53015900799574
1, 471.53015900799574
1, 471.53015900799574
8-4-1, 466.9113487257801
1, 471.53015900799574
5-5-1, 1031.8790375704757
5-2-1, 360.20096148744483
1, 471.53015900799574
1, 471.53015900799574
5-1, 249.60876159366362
1, 471.53015900799574
1, 471.53015900799574
5-3-2-1, 495.3360662816177
1, 471.53015900799574
1, 471.53015900799574
1, 471.53015900799574
5-2-1, 360.17485016386536
5-1, 249.59888236125468
1, 471.53015900799574
1, 471.53015900799574
1, 471.53015900799574
5-5-1, 1031.3528181273405
1, 471.53015900799574
8-4-1, 466.9113487257801
1, 471.53015900799574
1, 471.53015900799574
5-1, 249.58951068441897
1, 471.53015900799574
5-3-2-1, 464.32894605712175
5-2-1, 360.129850762232
1, 471.53015900799574
1, 471.53015900799574
1, 471.53015900799574
1, 471.53015900799574
5-1, 249.5813749057818
1, 471.53015900799574
1, 471.53015900799574
5-5-1, 1030.7380810740678
1, 471.53015900799574
1, 471.53015900799574
5-2-1, 360.04149043397257
1, 471.53015900799574
8-4-1, 450.6302976482695
5-3-2-1, 464.32894605712175
1, 471.53015900799574
5-1, 249.5803329351556
1, 471.53015900799574
1, 471.53015900799574
1, 471.53015900799574
1, 471.53015900799574
1, 471.53015900799574
5-2-1, 360.04149043397257
5-1, 249.57492815540272
1, 471.53015900799574
5-5-1, 1029.9717934082494
1, 471.53015900799574
1, 471.53015900799574
1, 471.53015900799574
5-3-2-1, 440.94535787464025
1, 471.53015900799574
1, 471.53015900799574
8-4-1, 425.28394304090483
5-1, 249.56641504830264
1, 471.53015900799574
5-2-1, 360.04149043397257
1, 471.53015900799574
1, 471.53015900799574
1, 471.53015900799574
1, 471.53015900799574
5-5-1, 1029.9717934082494
1, 471.53015900799574
5-1, 249.55853189611057
1, 471.53015900799574
1, 471.53015900799574
5-3-2-1, 376.0753622209581
1, 471.53015900799574
5-2-1, 360.04149043397257
1, 471.53015900799574
1, 471.53015900799574
5-1, 249.55824136628718
1, 471.53015900799574
8-4-1, 422.4492254454317
1, 471.53015900799574
1, 471.53015900799574
1, 471.53015900799574
5-5-1, 1029.9717934082494
1, 471.53015900799574
5-2-1, 360.04149043397257
1, 471.53015900799574
5-1, 249.54916048472546
1, 471.53015900799574
5-3-2-1, 376.0753622209581
1, 471.53015900799574
1, 471.53015900799574
1, 471.53015900799574
1, 471.53015900799574
5-1, 249.549160484665
1, 471.53015900799574
5-2-1, 360.04149043397257
1, 471.53015900799574
8-4-1, 414.1683906844712
1, 471.53015900799574
5-5-1, 1029.9717934082494
1, 471.53015900799574
1, 471.53015900799574
1, 471.53015900799574
5-1, 249.54007960303932
5-3-2-1, 374.0613166605638
1, 471.53015900799574
1, 471.53015900799574
1, 471.53015900799574
5-2-1, 360.04149043397257
1, 471.53015900799574
1, 471.53015900799574
5-1, 249.5400796030037
1, 471.53015900799574
1, 471.53015900799574
5-5-1, 1029.9717934082494
1, 471.53015900799574
8-4-1, 369.03693250909333
1, 471.53015900799574
1, 471.53015900799574
5-2-1, 360.0318624203884
5-3-2-1, 374.0613166605638
1, 471.53015900799574
5-1, 249.5400796030009
1, 471.53015900799574
1, 471.53015900799574
1, 471.53015900799574
1, 471.53015900799574
1, 471.53015900799574
1, 471.53015900799574
5-1, 249.54007960299398
5-5-1, 1029.9068854016368
5-2-1, 360.0318624203884
1, 471.53015900799574
1, 471.53015900799574
1, 471.53015900799574
8-4-1, 367.1698716648137
5-3-2-1, 373.7044527736725
1, 471.53015900799574
1, 471.53015900799574
5-1, 249.5400796029549
1, 471.53015900799574
1, 471.53015900799574
1, 471.53015900799574
5-2-1, 360.0318624203884
1, 471.53015900799574
1, 471.53015900799574
5-5-1, 1029.8654792573338
1, 471.53015900799574
5-1, 249.5400796029549
1, 471.53015900799574
1, 471.53015900799574
5-3-2-1, 329.82805395492375
1, 471.53015900799574
1, 471.53015900799574
8-4-1, 363.28558371433155
5-2-1, 360.0318624203884
1, 471.53015900799574
5-1, 249.5400796029549
1, 471.53015900799574
1, 471.53015900799574
1, 471.53015900799574
1, 471.53015900799574
5-5-1, 1029.6909974673258
1, 471.53015900799574
1, 471.53015900799574
5-1, 249.54007960295456
5-2-1, 360.0318624203884
1, 471.53015900799574
5-3-2-1, 329.82805395492375
1, 471.53015900799574
1, 471.53015900799574
1, 471.53015900799574
1, 471.53015900799574
8-4-1, 331.08824738215753
1, 471.53015900799574
5-1, 249.54007960295385
1, 471.53015900799574
1, 471.53015900799574
5-2-1, 360.0318624203884
5-5-1, 1029.6909974673258
1, 471.53015900799574
1, 471.53015900799574
1, 471.53015900799574
5-1, 249.54007960295385
5-3-2-1, 310.9290826339574
1, 471.53015900799574
1, 471.53015900799574
1, 471.53015900799574
1, 471.53015900799574
5-2-1, 360.0318624203884
1, 471.53015900799574
1, 471.53015900799574
8-4-1, 318.5874889293157
5-1, 249.54007960295385
1, 471.53015900799574
5-5-1, 1029.6909974673258
1, 471.53015900799574
1, 471.53015900799574
1, 471.53015900799574
5-3-2-1, 310.9290826339574
1, 471.53015900799574
5-1, 249.54007960295385
1, 471.53015900799574
5-2-1, 359.9992465935078
1, 471.53015900799574
1, 471.53015900799574
1, 471.53015900799574
1, 471.53015900799574
1, 471.53015900799574
5-1, 249.54007960295385
5-5-1, 1029.6909974673258
1, 471.53015900799574
8-4-1, 308.46475194914706
1, 471.53015900799574
5-2-1, 359.9992465935078
1, 471.53015900799574
5-3-2-1, 310.9290826339574
1, 471.53015900799574
1, 471.53015900799574
1, 471.53015900799574
5-1, 249.54007960295385
1, 471.53015900799574
1, 471.53015900799574
1, 471.53015900799574
5-2-1, 359.9992465935078
1, 471.53015900799574
1, 471.53015900799574
5-5-1, 1029.6909974673258
5-1, 249.54007960295385
1, 471.53015900799574
1, 471.53015900799574
8-4-1, 295.3987590830032
5-3-2-1, 278.762459982866
1, 471.53015900799574
1, 471.53015900799574
1, 471.53015900799574
1, 471.53015900799574
5-2-1, 359.9992465935078
5-1, 249.54007960295385
1, 471.53015900799574
1, 471.53015900799574
1, 471.53015900799574
1, 471.53015900799574
5-5-1, 1029.6667802023396
1, 471.53015900799574
5-1, 249.54007960295385
1, 471.53015900799574
5-3-2-1, 278.762459982866
1, 471.53015900799574
5-2-1, 359.9992465935078
1, 471.53015900799574
8-4-1, 277.49200611870924
1, 471.53015900799574
1, 471.53015900799574
1, 471.53015900799574
5-1, 249.54007960295385
1, 471.53015900799574
1, 471.53015900799574
1, 471.53015900799574
5-5-1, 1029.442035289017
5-2-1, 359.98491064609806
1, 471.53015900799574
1, 471.53015900799574
5-3-2-1, 245.23497208188405
1, 471.53015900799574
5-1, 249.54007960295385
1, 471.53015900799574
1, 471.53015900799574
1, 471.53015900799574
8-4-1, 273.3058175047298
1, 471.53015900799574
1, 471.53015900799574
5-2-1, 359.98491064609806
5-1, 249.54007960295385
1, 471.53015900799574
1, 471.53015900799574
5-5-1, 1029.4127818201407
1, 471.53015900799574
1, 471.53015900799574
5-3-2-1, 245.23497208188405
1, 471.53015900799574
1, 471.53015900799574
5-1, 249.54007960295385
1, 471.53015900799574
5-2-1, 359.98491064609806
1, 471.53015900799574
1, 471.53015900799574
1, 471.53015900799574
8-4-1, 261.1249620412958
1, 471.53015900799574
5-1, 249.54007960295385
1, 471.53015900799574
5-5-1, 1029.381205783215
1, 471.53015900799574
1, 471.53015900799574
5-3-2-1, 245.23497208188405
5-2-1, 359.98491064609806
1, 471.53015900799574
1, 471.53015900799574
1, 471.53015900799574
5-1, 249.54007960295385
1, 471.53015900799574
1, 471.53015900799574
1, 471.53015900799574
1, 471.53015900799574
1, 471.53015900799574
5-2-1, 359.98491064609806
8-4-1, 259.20978447046065
5-5-1, 1029.3413796303887
1, 471.53015900799574
5-1, 249.54007960295385
1, 471.53015900799574
5-3-2-1, 245.23497208188405
1, 471.53015900799574
1, 471.53015900799574
1, 471.53015900799574
1, 471.53015900799574
5-1, 249.54007960295385
1, 471.53015900799574
5-2-1, 359.9819999416965
1, 471.53015900799574
1, 471.53015900799574
1, 471.53015900799574
5-5-1, 1029.3413796303887
1, 471.53015900799574
1, 471.53015900799574
8-4-1, 253.84776867800608
5-1, 249.54007960295385
5-3-2-1, 237.30999735930908
1, 471.53015900799574
1, 471.53015900799574
5-2-1, 359.9777765020404
1, 471.53015900799574
1, 471.53015900799574
1, 471.53015900799574
5-1, 249.54007960295385
1, 471.53015900799574
1, 471.53015900799574
1, 471.53015900799574
5-5-1, 1029.3346094857252
1, 471.53015900799574
1, 471.53015900799574
5-2-1, 359.9668015045362
5-3-2-1, 237.30999735930908
1, 471.53015900799574
5-1, 249.54007960295385
1, 471.53015900799574
8-4-1, 253.44197314486803
1, 471.53015900799574
1, 471.53015900799574
1, 471.53015900799574
1, 471.53015900799574
5-1, 249.54007960295385
1, 471.53015900799574
5-2-1, 359.96304115628703
1, 471.53015900799574
5-5-1, 1029.2688636064747
1, 471.53015900799574
1, 471.53015900799574
5-3-2-1, 237.30999735930908
1, 471.53015900799574
1, 471.53015900799574
5-1, 249.54007960295385
1, 471.53015900799574
1, 471.53015900799574
8-4-1, 253.44197314486803
5-2-1, 359.96304115628703
1, 471.53015900799574
1, 471.53015900799574
1, 471.53015900799574
1, 471.53015900799574
5-1, 249.54007960295385
5-5-1, 1029.2057570378859
1, 471.53015900799574
1, 471.53015900799574
5-3-2-1, 236.69251066538158
1, 471.53015900799574
1, 471.53015900799574
5-2-1, 359.9581886296
1, 471.53015900799574
5-1, 249.54007960295385
1, 471.53015900799574
1, 471.53015900799574
1, 471.53015900799574
8-4-1, 251.95898872138375
1, 471.53015900799574
1, 471.53015900799574
5-5-1, 1029.1386628891587
1, 471.53015900799574
5-1, 249.54007960295385
5-2-1, 359.9581886296
1, 471.53015900799574
5-3-2-1, 236.69251066538158
1, 471.53015900799574
1, 471.53015900799574
1, 471.53015900799574
1, 471.53015900799574
5-1, 249.54007960295385
1, 471.53015900799574
1, 471.53015900799574
5-2-1, 359.93104106098286
1, 471.53015900799574
1, 471.53015900799574
8-4-1, 251.95898872138375
5-5-1, 1029.1342003232398
1, 471.53015900799574
1, 471.53015900799574
5-1, 249.54007960295385
5-3-2-1, 236.12139236018297
1, 471.53015900799574
1, 471.53015900799574
1, 471.53015900799574
1, 471.53015900799574
5-2-1, 359.93104106098286
1, 471.53015900799574
1, 471.53015900799574
5-1, 249.54007960295385
1, 471.53015900799574
1, 471.53015900799574
5-5-1, 1029.1342003232398
1, 471.53015900799574
1, 471.53015900799574
8-4-1, 251.70681063003659
5-3-2-1, 235.51380497969987
1, 471.53015900799574
5-2-1, 359.93104106098286
5-1, 249.54007960295385
1, 471.53015900799574
1, 471.53015900799574
1, 471.53015900799574
1, 471.53015900799574
1, 471.53015900799574
1, 471.53015900799574
5-1, 249.54007960295385
1, 471.53015900799574
5-5-1, 1029.1342003232398
5-2-1, 359.93104106098286
1, 471.53015900799574
1, 471.53015900799574
5-3-2-1, 234.57600260770664
1, 471.53015900799574
1, 471.53015900799574
8-4-1, 251.70681063003659
5-1, 249.54007960295385
1, 471.53015900799574
1, 471.53015900799574
1, 471.53015900799574
1, 471.53015900799574
5-2-1, 359.93104106098286
1, 471.53015900799574
1, 471.53015900799574
5-1, 249.54007960295385
5-5-1, 1029.1342003232398
1, 471.53015900799574
1, 471.53015900799574
5-3-2-1, 234.57600260770664
1, 471.53015900799574
1, 471.53015900799574
1, 471.53015900799574
5-2-1, 359.93104106098286
8-4-1, 251.53338291416281
1, 471.53015900799574
5-1, 249.54007960295385
1, 471.53015900799574
1, 471.53015900799574
1, 471.53015900799574
1, 471.53015900799574
5-5-1, 1029.132463404313
1, 471.53015900799574
5-1, 249.54007960295385
1, 471.53015900799574
5-3-2-1, 234.31741137360416
1, 471.53015900799574
5-2-1, 359.93104093048885
1, 471.53015900799574
1, 471.53015900799574
1, 471.53015900799574
1, 471.53015900799574
5-1, 249.54007960295385
8-4-1, 251.52310284731888
1, 471.53015900799574
1, 471.53015900799574
1, 471.53015900799574
5-2-1, 359.93104093048885
5-5-1, 1029.132463404313
1, 471.53015900799574
1, 471.53015900799574
5-3-2-1, 234.31741137360416
5-1, 249.54007960295385
1, 471.53015900799574
1, 471.53015900799574
1, 471.53015900799574
1, 471.53015900799574
1, 471.53015900799574
5-2-1, 359.9310408291123
1, 471.53015900799574
5-1, 249.54007960295385
1, 471.53015900799574
8-4-1, 250.63888061329214
1, 471.53015900799574
1, 471.53015900799574
5-5-1, 1029.132463404313
1, 471.53015900799574
5-3-2-1, 234.1817113510007
1, 471.53015900799574
1, 471.53015900799574
5-1, 249.54007960295385
1, 471.53015900799574
5-2-1, 359.93104082502094
1, 471.53015900799574
1, 471.53015900799574
1, 471.53015900799574
1, 471.53015900799574
5-1, 249.54007960295385
1, 471.53015900799574
1, 471.53015900799574
5-5-1, 1029.132463404313
8-4-1, 250.63888061329214
1, 471.53015900799574
5-2-1, 359.9310407525684
5-3-2-1, 234.05873482003435
1, 471.53015900799574
1, 471.53015900799574
1, 471.53015900799574
5-1, 249.54007960295385
1, 471.53015900799574
1, 471.53015900799574
1, 471.53015900799574
1, 471.53015900799574
5-2-1, 359.9310407066036
1, 471.53015900799574
5-1, 249.54007960295385
1, 471.53015900799574
5-5-1, 1029.132463404313
1, 471.53015900799574
5-3-2-1, 233.91811935474072
1, 471.53015900799574
8-4-1, 250.63888061329214
1, 471.53015900799574
1, 471.53015900799574
1, 471.53015900799574
5-1, 249.54007960295385
1, 471.53015900799574
5-2-1, 359.93104068108636
1, 471.53015900799574
1, 471.53015900799574
1, 471.53015900799574
1, 471.53015900799574
5-5-1, 1029.132463404313
1, 471.53015900799574
5-1, 249.54007960295385
5-3-2-1, 233.78956182103917
1, 471.53015900799574
1, 471.53015900799574
5-2-1, 359.931040672615
1, 471.53015900799574
8-4-1, 250.3947113390579
1, 471.53015900799574
1, 471.53015900799574
5-1, 249.54007960295385
1, 471.53015900799574
1, 471.53015900799574
1, 471.53015900799574
1, 471.53015900799574
5-5-1, 1029.132463404313
5-2-1, 359.93104064914615
1, 471.53015900799574
5-3-2-1, 233.78956182103917
1, 471.53015900799574
5-1, 249.54007960295385
1, 471.53015900799574
1, 471.53015900799574
1, 471.53015900799574
1, 471.53015900799574
8-4-1, 250.3947113390579
1, 471.53015900799574
5-1, 249.54007960295385
1, 471.53015900799574
5-2-1, 359.931040625287
1, 471.53015900799574
1, 471.53015900799574
5-5-1, 1029.1319433837195
1, 471.53015900799574
5-3-2-1, 233.65076665445582
1, 471.53015900799574
1, 471.53015900799574
5-1, 249.54007960295385
1, 471.53015900799574
1, 471.53015900799574
5-2-1, 359.93104059305375
1, 471.53015900799574
1, 471.53015900799574
1, 471.53015900799574
8-4-1, 250.26343054900477
1, 471.53015900799574
5-1, 249.54007960295385
1, 471.53015900799574
5-5-1, 1029.1318800513432
1, 471.53015900799574
5-3-2-1, 233.60077735036035
1, 471.53015900799574
1, 471.53015900799574
5-2-1, 359.9310405630581
1, 471.53015900799574
5-1, 249.54007960295385
1, 471.53015900799574
1, 471.53015900799574
1, 471.53015900799574
1, 471.53015900799574
1, 471.53015900799574
1, 471.53015900799574
5-1, 249.54007960295385
5-2-1, 359.93104054056346
5-5-1, 1029.1318797923584
8-4-1, 249.97035248626162
1, 471.53015900799574
5-3-2-1, 233.59910862279878
1, 471.53015900799574
1, 471.53015900799574
1, 471.53015900799574
1, 471.53015900799574
5-1, 249.54007960295385
1, 471.53015900799574
1, 471.53015900799574
5-2-1, 359.93104051456015
1, 471.53015900799574
1, 471.53015900799574
1, 471.53015900799574
5-5-1, 1029.1318797801207
1, 471.53015900799574
5-1, 249.54007960295385
5-3-2-1, 233.59908349804917
1, 471.53015900799574
8-4-1, 249.97035248626162
1, 471.53015900799574
1, 471.53015900799574
1, 471.53015900799574
5-2-1, 359.9310404868081
1, 471.53015900799574
1, 471.53015900799574
5-1, 249.54007960295385
1, 471.53015900799574
1, 471.53015900799574
1, 471.53015900799574
5-5-1, 1029.1318797796807
1, 471.53015900799574
5-3-2-1, 233.41057141391823
1, 471.53015900799574
5-2-1, 359.93104045807974
5-1, 249.54007960295385
1, 471.53015900799574
1, 471.53015900799574
8-4-1, 249.93548808487785
1, 471.53015900799574
1, 471.53015900799574
1, 471.53015900799574
1, 471.53015900799574
5-1, 249.54007960295385
1, 471.53015900799574
5-2-1, 359.9310404354861
1, 471.53015900799574
5-5-1, 1029.1318797796807
1, 471.53015900799574
5-3-2-1, 233.41057141391823
1, 471.53015900799574
1, 471.53015900799574
5-1, 249.54007960295385
1, 471.53015900799574
1, 471.53015900799574
1, 471.53015900799574
8-4-1, 249.8582757055916
1, 471.53015900799574
5-2-1, 359.9310404115276
1, 471.53015900799574
1, 471.53015900799574
5-1, 249.54007960295385
1, 471.53015900799574
5-5-1, 1029.1318797796807
1, 471.53015900799574
5-3-2-1, 233.41057141391823
1, 471.53015900799574
1, 471.53015900799574
1, 471.53015900799574
5-2-1, 359.931040389813
5-1, 249.54007960295385
1, 471.53015900799574
1, 471.53015900799574
1, 471.53015900799574
1, 471.53015900799574
8-4-1, 249.75099600398946
1, 471.53015900799574
1, 471.53015900799574
5-1, 249.54007960295385
5-5-1, 1029.1318797796807
1, 471.53015900799574
5-3-2-1, 233.35437190692303
5-2-1, 359.931040389034
1, 471.53015900799574
1, 471.53015900799574
1, 471.53015900799574
1, 471.53015900799574
1, 471.53015900799574
5-1, 249.54007960295385
1, 471.53015900799574
1, 471.53015900799574
1, 471.53015900799574
5-2-1, 359.931040389034
1, 471.53015900799574
5-5-1, 1029.1318797796807
8-4-1, 249.624616881095
1, 471.53015900799574
5-1, 249.54007960295385
5-3-2-1, 233.09712818056073
1, 471.53015900799574
1, 471.53015900799574
1, 471.53015900799574
1, 471.53015900799574
1, 471.53015900799574
5-2-1, 359.931040389034
1, 471.53015900799574
5-1, 249.54007960295385
1, 471.53015900799574
1, 471.53015900799574
1, 471.53015900799574
5-5-1, 1029.1318797796807
1, 471.53015900799574
5-3-2-1, 233.09712818056073
1, 471.53015900799574
8-4-1, 249.624616881095
1, 471.53015900799574
5-1, 249.54007960295385
5-2-1, 359.931040389034
1, 471.53015900799574
1, 471.53015900799574
1, 471.53015900799574
1, 471.53015900799574
1, 471.53015900799574
5-1, 249.54007960295385
1, 471.53015900799574
1, 471.53015900799574
1, 471.53015900799574
5-5-1, 1029.1318797796807
5-2-1, 359.931040389034
5-3-2-1, 233.09712818056073
1, 471.53015900799574
1, 471.53015900799574
1, 471.53015900799574
5-1, 249.54007960295385
8-4-1, 249.624616881095
1, 471.53015900799574
1, 471.53015900799574
1, 471.53015900799574
1, 471.53015900799574
5-2-1, 359.931040389034
1, 471.53015900799574
5-1, 249.54007960295385
1, 471.53015900799574
1, 471.53015900799574
5-5-1, 1029.1318797796807
5-3-2-1, 233.09712818056073
1, 471.53015900799574
1, 471.53015900799574
1, 471.53015900799574
1, 471.53015900799574
5-1, 249.54007960295385
1, 471.53015900799574
5-2-1, 359.931040389034
8-4-1, 249.624616881095
1, 471.53015900799574
1, 471.53015900799574
1, 471.53015900799574
1, 471.53015900799574
5-1, 249.54007960295385
1, 471.53015900799574
5-5-1, 1029.1318797796807
5-3-2-1, 233.09712818056073
1, 471.53015900799574
1, 471.53015900799574
5-2-1, 359.931040389034
1, 471.53015900799574
1, 471.53015900799574
1, 471.53015900799574
5-1, 249.54007960295385
1, 471.53015900799574
1, 471.53015900799574
8-4-1, 249.5737037918772
1, 471.53015900799574
1, 471.53015900799574
5-2-1, 359.931040389034
1, 471.53015900799574
5-5-1, 1029.1318797796807
5-3-2-1, 233.09712818056073
1, 471.53015900799574
5-1, 249.54007960295385
1, 471.53015900799574
1, 471.53015900799574
1, 471.53015900799574
1, 471.53015900799574
1, 471.53015900799574
5-1, 249.54007960295385
1, 471.53015900799574
5-2-1, 359.931040389034
1, 471.53015900799574
1, 471.53015900799574
8-4-1, 249.47160837996074
1, 471.53015900799574
5-5-1, 1029.1318797796807
5-3-2-1, 233.04641701063477
1, 471.53015900799574
1, 471.53015900799574
5-1, 249.54007960295385
1, 471.53015900799574
1, 471.53015900799574
5-2-1, 359.931040389034
1, 471.53015900799574
1, 471.53015900799574
1, 471.53015900799574
5-1, 249.54007960295385
1, 471.53015900799574
1, 471.53015900799574
1, 471.53015900799574
5-5-1, 1029.1318797796807
5-3-2-1, 232.95608668034455
1, 471.53015900799574
5-2-1, 359.931040389034
8-4-1, 249.3781406783494
1, 471.53015900799574
1, 471.53015900799574
5-1, 249.54007960295385
1, 471.53015900799574
1, 471.53015900799574
1, 471.53015900799574
1, 471.53015900799574
1, 471.53015900799574
1, 471.53015900799574
5-1, 249.54007960295385
5-2-1, 359.931040389034
1, 471.53015900799574
5-5-1, 1029.1318797796807
5-3-2-1, 232.95608668034455
1, 471.53015900799574
1, 471.53015900799574
1, 471.53015900799574
8-4-1, 249.3781406783494
1, 471.53015900799574
5-1, 249.54007960295385
1, 471.53015900799574
1, 471.53015900799574
5-2-1, 359.931040389034
1, 471.53015900799574
1, 471.53015900799574
1, 471.53015900799574
1, 471.53015900799574
5-1, 249.54007960295385
5-5-1, 1029.1318797796807
5-3-2-1, 232.95608668034455
1, 471.53015900799574
1, 471.53015900799574
1, 471.53015900799574
5-2-1, 359.931040389034
1, 471.53015900799574
1, 471.53015900799574
8-4-1, 249.33480214126016
5-1, 249.54007960295385
1, 471.53015900799574
1, 471.53015900799574
1, 471.53015900799574
1, 471.53015900799574
1, 471.53015900799574
5-5-1, 1029.1318797796807
5-3-2-1, 232.95608668034455
1, 471.53015900799574
5-2-1, 359.931040389034
5-1, 249.54007960295385
1, 471.53015900799574
1, 471.53015900799574
1, 471.53015900799574
1, 471.53015900799574
1, 471.53015900799574
1, 471.53015900799574
5-1, 249.54007960295385
8-4-1, 249.33480214126016
1, 471.53015900799574
5-2-1, 359.931040389034
1, 471.53015900799574
1, 471.53015900799574
5-5-1, 1029.1318797796807
5-3-2-1, 232.95608668034455
1, 471.53015900799574
1, 471.53015900799574
5-1, 249.54007960295385
1, 471.53015900799574
1, 471.53015900799574
1, 471.53015900799574
5-2-1, 359.931040389034
1, 471.53015900799574
1, 471.53015900799574
1, 471.53015900799574
5-1, 249.54007960295385
1, 471.53015900799574
8-4-1, 249.31528466777894
1, 471.53015900799574
5-5-1, 1029.1318797796807
5-3-2-1, 232.95464494642803
1, 471.53015900799574
1, 471.53015900799574
1, 471.53015900799574
5-2-1, 359.931040389034
5-1, 249.54007960295385
1, 471.53015900799574
1, 471.53015900799574
1, 471.53015900799574
1, 471.53015900799574
1, 471.53015900799574
1, 471.53015900799574
5-1, 249.54007960295385
1, 471.53015900799574
5-5-1, 1029.1318797796807
5-2-1, 359.931040389034
5-3-2-1, 232.91667823006344
1, 471.53015900799574
8-4-1, 249.25281724349725
1, 471.53015900799574
1, 471.53015900799574
1, 471.53015900799574
1, 471.53015900799574
5-1, 249.54007960295385
1, 471.53015900799574
1, 471.53015900799574
1, 471.53015900799574
5-2-1, 359.931040389034
1, 471.53015900799574
1, 471.53015900799574
5-5-1, 1029.1318797796807
5-1, 249.54007960295385
5-3-2-1, 232.91667823006344
1, 471.53015900799574
1, 471.53015900799574
1, 471.53015900799574
8-4-1, 249.2308894139839
1, 471.53015900799574
1, 471.53015900799574
5-2-1, 359.931040389034
1, 471.53015900799574
5-1, 249.54007960295385
1, 471.53015900799574
1, 471.53015900799574
1, 471.53015900799574
1, 471.53015900799574
5-5-1, 1029.1318797796807
5-3-2-1, 232.8910907470246
1, 471.53015900799574
5-1, 249.54007960295385
1, 471.53015900799574
5-2-1, 359.931040389034
1, 471.53015900799574
1, 471.53015900799574
1, 471.53015900799574
8-4-1, 249.2308894139839
1, 471.53015900799574
1, 471.53015900799574
5-1, 249.54007960295385
1, 471.53015900799574
1, 471.53015900799574
1, 471.53015900799574
5-2-1, 359.931040389034
5-5-1, 1029.1318797796807
5-3-2-1, 232.83219368759373
1, 471.53015900799574
1, 471.53015900799574
1, 471.53015900799574
5-1, 249.54007960295385
1, 471.53015900799574
1, 471.53015900799574
1, 471.53015900799574
1, 471.53015900799574
5-2-1, 359.931040389034
8-4-1, 249.2308894139839
1, 471.53015900799574
5-1, 249.54007960295385
1, 471.53015900799574
1, 471.53015900799574
5-5-1, 1029.1318797796807
5-3-2-1, 232.83219368759373
1, 471.53015900799574
1, 471.53015900799574
1, 471.53015900799574
1, 471.53015900799574
5-1, 249.54007960295385
5-2-1, 359.931040389034
1, 471.53015900799574
1, 471.53015900799574
1, 471.53015900799574
1, 471.53015900799574
1, 471.53015900799574
8-4-1, 249.2308894139839
5-1, 249.54007960295385
1, 471.53015900799574
5-5-1, 1029.1318797796807
5-3-2-1, 232.81494328430313
1, 471.53015900799574
1, 471.53015900799574
5-2-1, 359.931040389034
1, 471.53015900799574
1, 471.53015900799574
1, 471.53015900799574
5-1, 249.54007960295385
1, 471.53015900799574
1, 471.53015900799574
1, 471.53015900799574
1, 471.53015900799574
5-2-1, 359.931040389034
1, 471.53015900799574
5-3-2-1, 232.81494328430313
1, 471.53015900799574
5-5-1, 1029.1318797796807
5-1, 249.54007960295385
8-4-1, 249.14709547808528
1, 471.53015900799574
1, 471.53015900799574
1, 471.53015900799574
1, 471.53015900799574
1, 471.53015900799574
5-1, 249.54007960295385
5-2-1, 359.931040389034
1, 471.53015900799574
1, 471.53015900799574
1, 471.53015900799574
1, 471.53015900799574
1, 471.53015900799574
5-3-2-1, 232.80801418934502
5-5-1, 1029.1318797796807
1, 471.53015900799574
5-1, 249.54007960295385
1, 471.53015900799574
8-4-1, 249.14709547808528
1, 471.53015900799574
5-2-1, 359.931040389034
1, 471.53015900799574
1, 471.53015900799574
1, 471.53015900799574
5-1, 249.54007960295385
1, 471.53015900799574
1, 471.53015900799574
1, 471.53015900799574
1, 471.53015900799574
5-3-2-1, 232.80801418934502
5-5-1, 1029.1318797796807
5-2-1, 359.931040389034
1, 471.53015900799574
1, 471.53015900799574
5-1, 249.54007960295385
1, 471.53015900799574
1, 471.53015900799574
8-4-1, 249.14709547808528
1, 471.53015900799574
1, 471.53015900799574
1, 471.53015900799574
5-2-1, 359.931040389034
1, 471.53015900799574
5-1, 249.54007960295385
1, 471.53015900799574
1, 471.53015900799574
5-3-2-1, 232.80801418934502
5-5-1, 1029.1318797796807
1, 471.53015900799574
1, 471.53015900799574
1, 471.53015900799574
5-1, 249.54007960295385
1, 471.53015900799574
1, 471.53015900799574
5-2-1, 359.931040389034
1, 471.53015900799574
8-4-1, 249.1377554350487
1, 471.53015900799574
1, 471.53015900799574
1, 471.53015900799574
5-1, 249.54007960295385
1, 471.53015900799574
5-3-2-1, 232.75155942196739
5-5-1, 1029.1318797796807
1, 471.53015900799574
1, 471.53015900799574
5-2-1, 359.931040389034
1, 471.53015900799574
1, 471.53015900799574
5-1, 249.54007960295385
1, 471.53015900799574
1, 471.53015900799574
1, 471.53015900799574
1, 471.53015900799574
8-4-1, 249.1130613855171
1, 471.53015900799574
1, 471.53015900799574
5-2-1, 359.931040389034
5-3-2-1, 232.75002293765675
5-5-1, 1029.1318797796807
5-1, 249.54007960295385
1, 471.53015900799574
1, 471.53015900799574
1, 471.53015900799574
1, 471.53015900799574
1, 471.53015900799574
1, 471.53015900799574
5-1, 249.54007960295385
1, 471.53015900799574
5-2-1, 359.931040389034
1, 471.53015900799574
1, 471.53015900799574
1, 471.53015900799574
5-3-2-1, 232.74084386475496
5-5-1, 1029.1318797796807
8-4-1, 249.05528206973725
1, 471.53015900799574
5-1, 249.54007960295385
1, 471.53015900799574
1, 471.53015900799574
1, 471.53015900799574
5-2-1, 359.931040389034
1, 471.53015900799574
1, 471.53015900799574
1, 471.53015900799574
5-1, 249.54007960295385
1, 471.53015900799574
1, 471.53015900799574
1, 471.53015900799574
5-3-2-1, 232.70115785795457
5-5-1, 1029.1318797796807
1, 471.53015900799574
1, 471.53015900799574
5-2-1, 359.931040389034
8-4-1, 249.05528206973725
5-1, 249.54007960295385
1, 471.53015900799574
1, 471.53015900799574
1, 471.53015900799574
1, 471.53015900799574
1, 471.53015900799574
1, 471.53015900799574
5-1, 249.54007960295385
1, 471.53015900799574
5-2-1, 359.931040389034
1, 471.53015900799574
5-3-2-1, 232.70115785795457
5-5-1, 1029.1318797796807
1, 471.53015900799574
1, 471.53015900799574
1, 471.53015900799574
1, 471.53015900799574
5-1, 249.54007960295385
8-4-1, 249.0153837860634
1, 471.53015900799574
1, 471.53015900799574
5-2-1, 359.931040389034
1, 471.53015900799574
1, 471.53015900799574
1, 471.53015900799574
5-1, 249.54007960295385
1, 471.53015900799574
5-3-2-1, 232.6997715221118
5-5-1, 1029.1318797796807
1, 471.53015900799574
1, 471.53015900799574
1, 471.53015900799574
1, 471.53015900799574
5-2-1, 359.931040389034
1, 471.53015900799574
5-1, 249.54007960295385
1, 471.53015900799574
8-4-1, 249.0153837860634
1, 471.53015900799574
1, 471.53015900799574
1, 471.53015900799574
5-3-2-1, 232.67730659971625
1, 471.53015900799574
5-5-1, 1029.1318797796807
5-1, 249.54007960295385
1, 471.53015900799574
5-2-1, 359.931040389034
1, 471.53015900799574
1, 471.53015900799574
1, 471.53015900799574
1, 471.53015900799574
1, 471.53015900799574
5-1, 249.54007960295385
1, 471.53015900799574
1, 471.53015900799574
8-4-1, 249.0153837860634
5-2-1, 359.931040389034
1, 471.53015900799574
5-3-2-1, 232.67730659971625
1, 471.53015900799574
5-5-1, 1029.1318797796807
1, 471.53015900799574
5-1, 249.54007960295385
1, 471.53015900799574
1, 471.53015900799574
1, 471.53015900799574
1, 471.53015900799574
1, 471.53015900799574
5-2-1, 359.931040389034
1, 471.53015900799574
5-1, 249.54007960295385
1, 471.53015900799574
1, 471.53015900799574
5-3-2-1, 232.66261482328375
1, 471.53015900799574
5-5-1, 1029.1318797796807
8-4-1, 249.0153837860634
1, 471.53015900799574
1, 471.53015900799574
1, 471.53015900799574
5-1, 249.54007960295385
5-2-1, 359.931040389034
1, 471.53015900799574
1, 471.53015900799574
1, 471.53015900799574
1, 471.53015900799574
1, 471.53015900799574
5-1, 249.54007960295385
1, 471.53015900799574
5-3-2-1, 232.6569694928778
1, 471.53015900799574
5-5-1, 1029.1318797796807
5-2-1, 359.931040389034
1, 471.53015900799574
1, 471.53015900799574
8-4-1, 249.00001062524782
1, 471.53015900799574
1, 471.53015900799574
5-1, 249.54007960295385
1, 471.53015900799574
1, 471.53015900799574
1, 471.53015900799574
1, 471.53015900799574
5-2-1, 359.931040389034
1, 471.53015900799574
5-1, 249.54007960295385
5-3-2-1, 232.61788740142944
1, 471.53015900799574
5-5-1, 1029.1318797796807
1, 471.53015900799574
1, 471.53015900799574
1, 471.53015900799574
1, 471.53015900799574
